v1 <- c(50,34,111,7)
v2 <- c(100,2,56,12)
v3 <- (v1 + v2)

v4 <- (v1 >= v2)



v5 <- c(1,2,3,4,5)
v6 <- c(0,0,0,0,0,0,0,0,0,0)
v7 <- v5 + v6 
